3663335902350943
3663329896140587
3662112838813798
36633298240566603662969243702547
36633283861973963662343617784194
3663324909123034
3663323171763990
36633220896942863663123262952776
36633210459372723662991427882149
3663320974876852
36633208861686713662958544468740
3663320605405718
3663316801461993
3663313541593732
36633132741353953662402236830131
3663312032264337
3663309746591019
3663308739955818
3663308231664653
3663337185331545
3663335998842430
3663324069730927
36633375630299183663303186054016
3663337235256158
3663340016624695
3663339726643911
36633271269801853658684535994780
36633422138297183663153453835126
3663343548291232
36633452471866473663326842177384
36633371895263853663135849926916
3663347268917910
3663346450308115
3663340427231692
3663351135938387
3663351135938268
3662253322927362
3663351076767158
3663351072890069
3663350988308615
36633522885110403663147170613840
36633520921116963663327844311412
36633536733089883663346714587865
3663352553736808
3663355086682955
3663357087793438
36633570500329963663279282550223
3663348601927785
3663345971967676
3663361075770988
36633608415703123663335909863981
36633600905708793663340498688388
36633631688297423662992073662313
3663356780686358
3662971253440055
3663366373788698
36633686217430133662988600533368
3663370190364161
3663374686941334
3663376171273603
36633759199886133663375190347076
36633774257349183663373142601190
36633771910983393663366092400955
36633756979429903663359737855069
36633573134558003663101884422386
36633791242046623663379019590624
3663363676411841
3663382715017982
3663381339178710
3663384023488328
3663385298417603
3663385000783394
3663378679491587
3663387239705803
36633887254271343663380190006669
3663391270599641
36633906921133803663376141637372
3663392042903967
36633799544405633663159744984165
3663396391841947
36633963337948193662769675431919
3663396333586322
36633850043224323663147829005316
3663400406335639
3663400095868355
3663395045549916
36634021932743803663388246449099
36634020504289533663392374046171
3663401861635066
3663403933949066
3663398850274283
3663411533757526
3663411424837104
3663410929672994
3663401680722617
3663415556163290
36634159297107753662755116393066
36634193518119993663400078762710
3663335902350943
3663329896140587
3662112838813798
36633298240566603662969243702547
36633283861973963662343617784194
3663324909123034
3663323171763990
36633220896942863663123262952776
36633210459372723662991427882149
3663320974876852
36633208861686713662958544468740
3663320605405718
3663316801461993
3663313541593732
36633132741353953662402236830131
3663312032264337
3663309746591019
3663308739955818
3663308231664653
3663337185331545
3663335998842430
3663324069730927
36633375630299183663303186054016
3663337235256158
3663340016624695
3663339726643911
36633271269801853658684535994780
36633422138297183663153453835126
3663343548291232
36633452471866473663326842177384
36633371895263853663135849926916
3663347268917910
3663346450308115
3663340427231692
3663351135938387
3663351135938268
3662253322927362
3663351076767158
3663351072890069
3663350988308615
36633522885110403663147170613840
36633520921116963663327844311412
36633536733089883663346714587865
3663352553736808
3663355086682955
3663357087793438
36633570500329963663279282550223
3663348601927785
3663345971967676
3663361075770988
36633608415703123663335909863981
36633600905708793663340498688388
36633631688297423662992073662313
3663356780686358
3662971253440055
3663366373788698
36633686217430133662988600533368
3663370190364161
3663374686941334
3663376171273603
36633759199886133663375190347076
36633774257349183663373142601190
36633771910983393663366092400955
36633756979429903663359737855069
36633573134558003663101884422386
36633791242046623663379019590624
3663363676411841
3663382715017982
3663381339178710
3663384023488328
3663385298417603
3663385000783394
3663378679491587
3663387239705803
36633887254271343663380190006669
3663391270599641
36633906921133803663376141637372
3663392042903967
36633799544405633663159744984165
3663396391841947
36633963337948193662769675431919
3663396333586322
36633850043224323663147829005316
3663400406335639
3663400095868355
3663395045549916
36634021932743803663388246449099
36634020504289533663392374046171
3663401861635066
3663403933949066
3663398850274283
3663411533757526
3663411424837104
3663410929672994
3663401680722617
3663415556163290
36634159297107753662755116393066
36634193518119993663400078762710
3663335902350943
3663329896140587
3662112838813798
36633298240566603662969243702547
36633283861973963662343617784194
3663324909123034
3663323171763990
36633220896942863663123262952776
36633210459372723662991427882149
3663320974876852
36633208861686713662958544468740
3663320605405718
3663316801461993
3663313541593732
36633132741353953662402236830131
3663312032264337
3663309746591019
3663308739955818
3663308231664653
3663337185331545
3663335998842430
3663324069730927
36633375630299183663303186054016
3663337235256158
3663340016624695
3663339726643911
36633271269801853658684535994780
36633422138297183663153453835126
3663343548291232
36633452471866473663326842177384
36633371895263853663135849926916
3663347268917910
3663346450308115
3663340427231692
3663351135938387
3663351135938268
3662253322927362
3663351076767158
3663351072890069
3663350988308615
36633522885110403663147170613840
36633520921116963663327844311412
36633536733089883663346714587865
3663352553736808
3663355086682955
3663357087793438
36633570500329963663279282550223
3663348601927785
3663345971967676
3663361075770988
36633608415703123663335909863981
36633600905708793663340498688388
36633631688297423662992073662313
3663356780686358
3662971253440055
3663366373788698
36633686217430133662988600533368
3663370190364161
3663374686941334
3663376171273603
36633759199886133663375190347076
36633774257349183663373142601190
36633771910983393663366092400955
36633756979429903663359737855069
36633573134558003663101884422386
36633791242046623663379019590624
3663363676411841
3663382715017982
3663381339178710
3663384023488328
3663385298417603
3663385000783394
3663378679491587
3663387239705803
36633887254271343663380190006669
3663391270599641
36633906921133803663376141637372
3663392042903967
36633799544405633663159744984165
3663396391841947
36633963337948193662769675431919
3663396333586322
36633850043224323663147829005316
3663400406335639
3663400095868355
3663395045549916
36634021932743803663388246449099
36634020504289533663392374046171
3663401861635066
3663403933949066
3663398850274283
3663411533757526
3663411424837104
3663410929672994
3663401680722617
3663415556163290
36634159297107753662755116393066
36634193518119993663400078762710
3663419985251920
3663335902350943
3663329896140587
3662112838813798
36633298240566603662969243702547
36633283861973963662343617784194
3663324909123034
3663323171763990
36633220896942863663123262952776
36633210459372723662991427882149
3663320974876852
36633208861686713662958544468740
3663320605405718
3663316801461993
3663313541593732
36633132741353953662402236830131
3663312032264337
3663309746591019
3663308739955818
3663308231664653
3663337185331545
3663335998842430
3663324069730927
36633375630299183663303186054016
3663337235256158
3663340016624695
3663339726643911
36633271269801853658684535994780
36633422138297183663153453835126
3663343548291232
36633452471866473663326842177384
36633371895263853663135849926916
3663347268917910
3663346450308115
3663340427231692
3663351135938387
3663351135938268
3662253322927362
3663351076767158
3663351072890069
3663350988308615
36633522885110403663147170613840
36633520921116963663327844311412
36633536733089883663346714587865
3663352553736808
3663355086682955
3663357087793438
36633570500329963663279282550223
3663348601927785
3663345971967676
3663361075770988
36633608415703123663335909863981
36633600905708793663340498688388
36633631688297423662992073662313
3663356780686358
3662971253440055
3663366373788698
36633686217430133662988600533368
3663370190364161
3663374686941334
3663376171273603
36633759199886133663375190347076
36633774257349183663373142601190
36633771910983393663366092400955
36633756979429903663359737855069
36633573134558003663101884422386
36633791242046623663379019590624
3663363676411841
3663382715017982
3663381339178710
3663384023488328
3663385298417603
3663385000783394
3663378679491587
3663387239705803
36633887254271343663380190006669
3663391270599641
36633906921133803663376141637372
3663392042903967
36633799544405633663159744984165
3663396391841947
36633963337948193662769675431919
3663396333586322
36633850043224323663147829005316
3663400406335639
3663400095868355
3663395045549916
36634021932743803663388246449099
36634020504289533663392374046171
3663401861635066
3663403933949066
3663398850274283
3663411533757526
3663411424837104
3663410929672994
3663401680722617
3663415556163290
36634159297107753662755116393066
36634193518119993663400078762710
3663419985251920
